
      ГУДКУ у Днiпропетровськiй областi                                                                                    форма 1-1
                                                                                                          Надруковано:06-01-2011  7:30:19

                                      Щоденний оборотно-сальдовий баланс в номіналі
                                                 за 05/01/2011

                                                                                                              (коп.та сота частка од.валют)
      =======================================================================================================================================
     |        |         Сальдо  на початок дня          |            Обороти за день           |         Сальдо на кінець дня               |
     | Бал рах|       Дебет        |        Кредит      |        Дебет       |      Кредит     |        Дебет         |        Кредит       |
     =======================================================================================================================================

      Гривна Украiни
      ------------------
              Балансовий облiк

      1       Активи
      12      Кошти бюджетів в інших банках
      122     Інші  рахунки за коштами державного бюджету в банках
      1224             2 356 513,26                  0,00            58 168,17               0,00         2 414 681,43                  0,00
      122*             2 356 513,26                  0,00            58 168,17               0,00         2 414 681,43                  0,00
      12**             2 356 513,26                  0,00            58 168,17               0,00         2 414 681,43                  0,00
      15      Надані бюджетні кредити та позички
      151     Кредити, надані з державного бюджету
      1511               986 940,08                  0,00                 0,00               0,00           986 940,08                  0,00
      1512           103 576 474,10                  0,00                 0,00           3 988,83       103 572 485,27                  0,00
      1513             1 089 448,55                  0,00                 0,00               0,00         1 089 448,55                  0,00
      1514            38 092 267,51                  0,00                 0,00               0,00        38 092 267,51                  0,00
      151*           143 745 130,24                  0,00                 0,00           3 988,83       143 741 141,41                  0,00
      152     Кредити, надані з місцевого бюджету
      1521             5 740 225,16                  0,00                 0,00               0,00         5 740 225,16                  0,00
      1522            20 390 368,18                  0,00                 0,00               0,00        20 390 368,18                  0,00
      1523             4 457 552,52                  0,00                 0,00               0,00         4 457 552,52                  0,00
      152*            30 588 145,86                  0,00                 0,00               0,00        30 588 145,86                  0,00
      154     Позички, надані за рахунок коштів єдиного казначейського рахунку
      1541            14 717 463,00                  0,00                 0,00               0,00        14 717 463,00                  0,00
      1544            94 084 938,00                  0,00                 0,00               0,00        94 084 938,00                  0,00
      154*           108 802 401,00                  0,00                 0,00               0,00       108 802 401,00                  0,00
      15**           283 135 677,10                  0,00                 0,00           3 988,83       283 131 688,27                  0,00
      16      Інші активи
      167     Зобов’язання інших органів Державного казначейства
      1673           399 110 735,96                  0,00       129 788 249,80      21 790 099,38       507 108 886,38                  0,00
      167*           399 110 735,96                  0,00       129 788 249,80      21 790 099,38       507 108 886,38                  0,00
      16**           399 110 735,96                  0,00       129 788 249,80      21 790 099,38       507 108 886,38                  0,00
      17      Субрахунки єдиного казначейського рахунку
      171     Субрахунки єдиного казначейського рахунку
      1711                   618,40                  0,00       157 665 866,21     147 747 997,06         9 918 487,55                  0,00
      171*                   618,40                  0,00       157 665 866,21     147 747 997,06         9 918 487,55                  0,00
      17**                   618,40                  0,00       157 665 866,21     147 747 997,06         9 918 487,55                  0,00
      1***           684 603 544,72                  0,00       287 512 284,18     169 542 085,27       802 573 743,63                  0,00

      2       Зобов’язання
      22      Кредити отримані
      223     Внутрішнє фінансування місцевого бюджету
      2231                     0,00        108 802 401,00                 0,00               0,00                 0,00        108 802 401,00
      223*                     0,00        108 802 401,00                 0,00               0,00                 0,00        108 802 401,00
      22**                     0,00        108 802 401,00                 0,00               0,00                 0,00        108 802 401,00
      2***                     0,00        108 802 401,00                 0,00               0,00                 0,00        108 802 401,00

      3       Кошти бюджетів та розпорядників бюджетних коштів
      31      Кошти бюджетів
      311     Кошти загального фонду державного бюджету
      3111                     0,00                  0,00        55 988 165,39      55 988 165,39                 0,00                  0,00
      3112                     0,00          3 396 105,11        58 933 227,14     107 917 492,68                 0,00         52 380 370,65
      311*                     0,00          3 396 105,11       114 921 392,53     163 905 658,07                 0,00         52 380 370,65
      312     Кошти спеціального фонду державного бюджету, які направляються на спеціальні видатки
      3121                     0,00                  0,00         1 467 560,88       1 467 560,88                 0,00                  0,00

      3122                     0,00            414 283,12           414 283,12       1 495 234,92                 0,00          1 495 234,92
      3123                     0,00                  0,00            27 674,04          27 674,04                 0,00                  0,00
      3125                     0,00                  0,00         3 627 865,25       3 627 865,25                 0,00                  0,00
      312*                     0,00            414 283,12         5 537 383,29       6 618 335,09                 0,00          1 495 234,92
      313     Кошти, які розподіляються між загальним і спеціальним фондами державного бюджету
      3131                     0,00                  0,00           295 323,10         295 323,10                 0,00                  0,00
      313*                     0,00                  0,00           295 323,10         295 323,10                 0,00                  0,00
      314     Кошти загального фонду місцевих бюджетів
      3141                     0,00                  0,00        48 982 815,94      48 982 815,94                 0,00                  0,00
      3142                     0,00        238 677 943,45        93 851 849,90     140 182 090,56                 0,00        285 008 184,11
      314*                     0,00        238 677 943,45       142 834 665,84     189 164 906,50                 0,00        285 008 184,11
      315     Кошти спеціального фонду місцевих бюджетів, які направляються на спеціальні видатки
      3151                     0,00                  0,00           364 354,88         364 354,88                 0,00                  0,00
      3152                     0,00        246 956 996,23            16 498,75         384 122,74                 0,00        247 324 620,22
      3153                     0,00                  0,00            36 266,61          36 266,61                 0,00                  0,00
      315*                     0,00        246 956 996,23           417 120,24         784 744,23                 0,00        247 324 620,22
      31**                     0,00        489 445 327,91       264 005 885,00     360 768 966,99                 0,00        586 208 409,90
      33      Кошти, які підлягають розподілу
      331     Кошти, які підлягають розподілу між Державним і місцевими бюджетами
      3311                     0,00                  0,00           367 011,18         367 011,18                 0,00                  0,00
      331*                     0,00                  0,00           367 011,18         367 011,18                 0,00                  0,00
      332     Кошти, які підлягають розподілу між рівнями бюджетів
      3321                     0,00                  0,00        44 677 369,39      44 677 369,39                 0,00                  0,00
      332*                     0,00                  0,00        44 677 369,39      44 677 369,39                 0,00                  0,00
      33**                     0,00                  0,00        45 044 380,57      45 044 380,57                 0,00                  0,00
      34      Кошти, тимчасово віднесені на доходи бюджету
      341     Кошти, тимчасово віднесені на доходи державного бюджету, що підлягають розподілу
      3412                     0,00              1 000,00                 0,00           3 147,60                 0,00              4 147,60
      341*                     0,00              1 000,00                 0,00           3 147,60                 0,00              4 147,60
      342     Кошти, тимчасово віднесені на доходи місцевого бюджету, що підлягають розподілу
      3421                     0,00                  0,00         1 485 064,86       1 485 064,86                 0,00                  0,00
      3422                     0,00             10 802,23                 0,00               0,00                 0,00             10 802,23
      342*                     0,00             10 802,23         1 485 064,86       1 485 064,86                 0,00             10 802,23
      34**                     0,00             11 802,23         1 485 064,86       1 488 212,46                 0,00             14 949,83
      35      Рахунки розпорядників та одержувачів бюджетних коштів в Державному казначействі України
      352     Рахунки розпорядників та одержувачів за коштами державного бюджету
      3521                     0,00                  0,00                 0,00           5 568,42                 0,00              5 568,42
      3522                     0,00        313 138 017,03                 0,00       3 762 694,95                 0,00        316 900 711,98
      352*                     0,00        313 138 017,03                 0,00       3 768 263,37                 0,00        316 906 280,40
      353     Особові рахунки розпорядників, які утримуються за рахунок місцевого бюджету
      3531                     0,00                  0,00                 0,00         335 156,91                 0,00            335 156,91
      353*                     0,00                  0,00                 0,00         335 156,91                 0,00            335 156,91
      354     Рахунки розпорядників та одержувачів за коштами місцевих бюджетів
      3541                     0,00                  0,00                 0,00       2 394 791,78                 0,00          2 394 791,78
      3542                     0,00         52 016 775,55                 0,00         604 726,12                 0,00         52 621 501,67
      3543                     0,00                  0,00                 0,00           9 183,13                 0,00              9 183,13
      354*                     0,00         52 016 775,55                 0,00       3 008 701,03                 0,00         55 025 476,58
      35**                     0,00        365 154 792,58                 0,00       7 112 121,31                 0,00        372 266 913,89
      36      Рахунки розпорядників бюджетних коштів, відкриті в установах банків
      361     Рахунки розпорядників коштів державного бюджету, відкриті в установах банків
      3612                     0,00          2 356 513,26                 0,00          58 168,17                 0,00          2 414 681,43
      361*                     0,00          2 356 513,26                 0,00          58 168,17                 0,00          2 414 681,43
      36**                     0,00          2 356 513,26                 0,00          58 168,17                 0,00          2 414 681,43
      37      Рахунки інших клієнтів та банків
      371     Рахунки інших клієнтів
      3711                     0,00            105 580,39                 0,00               0,00                 0,00            105 580,39
      3712                     0,00          5 540 083,30                 0,00               0,00                 0,00          5 540 083,30
      3717                     0,00          7 397 816,87        26 868 942,40      29 583 440,41                 0,00         10 112 314,88
      3718                     0,00            267 288,56                 0,00         376 527,64                 0,00            643 816,20
      3719                     0,00                  0,00        13 828 189,20      13 828 189,20                 0,00                  0,00
      371*                     0,00         13 310 769,12        40 697 131,60      43 788 157,25                 0,00         16 401 794,77
      373     Депозитні рахунки розпорядників коштів бюджетів
      3731                     0,00         44 965 266,65            50 432,52         609 198,69                 0,00         45 524 032,82
      3732                     0,00          2 519 822,08                 0,00           1 641,26                 0,00          2 521 463,34
      373*                     0,00         47 485 088,73            50 432,52         610 839,95                 0,00         48 045 496,16
      37**                     0,00         60 795 857,85        40 747 564,12      44 398 997,20                 0,00         64 447 290,93
      38      Рахунки за нез’ясованими сумами, несквитованими дебетовими сумами та інші транзитні рахунки

      381     Рахунки за нез’ясованими надходженнями
      3811                     0,00              1 295,72             9 215,54          10 393,47                 0,00              2 473,65
      381*                     0,00              1 295,72             9 215,54          10 393,47                 0,00              2 473,65
      389     Інші технічні транзитні рахунки
      3891                     0,00                  0,00           800 258,20         800 258,20                 0,00                  0,00
      3892                     0,00             10 651,54            10 651,54           3 326,01                 0,00              3 326,01
      389*                     0,00             10 651,54           810 909,74         803 584,21                 0,00              3 326,01
      38**                     0,00             11 947,26           820 125,28         813 977,68                 0,00              5 799,66
      39      Рахунки органів Державного казначейства
      399     Інші транзитні рахунки органів Державного казначейства
      3992                     0,00          7 464 779,99       307 697 667,26     318 090 292,97                 0,00         17 857 405,70
      3993                     0,00                242,52       147 747 997,06     147 747 754,54                 0,00                  0,00
      399*                     0,00          7 465 022,51       455 445 664,32     465 838 047,51                 0,00         17 857 405,70
      39**                     0,00          7 465 022,51       455 445 664,32     465 838 047,51                 0,00         17 857 405,70
      3***                     0,00        925 241 263,60       807 548 684,15     925 522 871,89                 0,00      1 043 215 451,34

      4       Розрахунки
      44      Інші розрахунки
      442     Розрахунки за операціями з кредитами державного бюджету
      4421                     0,00          4 048 277,62                 0,00               0,00                 0,00          4 048 277,62
      4422                     0,00        139 696 852,62             3 988,83               0,00                 0,00        139 692 863,79
      442*                     0,00        143 745 130,24             3 988,83               0,00                 0,00        143 741 141,41
      443     Розрахунки за операціями з кредитами місцевого бюджету
      4431           108 802 401,00          5 735 278,71                 0,00               0,00       108 802 401,00          5 735 278,71
      4432                     0,00         24 852 867,15                 0,00               0,00                 0,00         24 852 867,15
      443*           108 802 401,00         30 588 145,86                 0,00               0,00       108 802 401,00         30 588 145,86
      445     Інші розрахунки за коштами державного бюджету
      4451           407 777 531,60                  0,00                 0,00               0,00       407 777 531,60                  0,00
      4452             7 193 463,38                  0,00                 0,00               0,00         7 193 463,38                  0,00
      445*           414 970 994,98                  0,00                 0,00               0,00       414 970 994,98                  0,00
      44**           523 773 395,98        174 333 276,10             3 988,83               0,00       523 773 395,98        174 329 287,27
      4***           523 773 395,98        174 333 276,10             3 988,83               0,00       523 773 395,98        174 329 287,27

      ---------------------------------------------------------------------------------------------------------------------------------------
      БАЛАНС       1 208 376 940,70      1 208 376 940,70     1 095 064 957,16   1 095 064 957,16     1 326 347 139,61      1 326 347 139,61
      =======================================================================================================================================

              Результат виконання бюджету

      5       Результат виконання бюджету
      51      Результат виконання бюджету
      512     Результат виконання місцевого бюджету
      5121           218 209 781,81        353 898 218,57                 0,00               0,00       218 209 781,81        353 898 218,57
      5122           218 627 413,99        541 464 826,84                 0,00               0,00       218 627 413,99        541 464 826,84
      512*           436 837 195,80        895 363 045,41                 0,00               0,00       436 837 195,80        895 363 045,41
      51**           436 837 195,80        895 363 045,41                 0,00               0,00       436 837 195,80        895 363 045,41
      59      Контррахунок за результатом виконання бюджету
      591     Контррахунок за результатом виконання бюджету
      5911           458 525 849,61                  0,00                 0,00               0,00       458 525 849,61                  0,00
      591*           458 525 849,61                  0,00                 0,00               0,00       458 525 849,61                  0,00
      59**           458 525 849,61                  0,00                 0,00               0,00       458 525 849,61                  0,00
      5***           895 363 045,41        895 363 045,41                 0,00               0,00       895 363 045,41        895 363 045,41

      ---------------------------------------------------------------------------------------------------------------------------------------
      БАЛАНС         895 363 045,41        895 363 045,41                 0,00               0,00       895 363 045,41        895 363 045,41
      =======================================================================================================================================

              Доходи бюджету

      6       Доходи бюджету
      61      Доходи бюджету
      611     Доходи державного бюджету
      6111                     0,00                  0,00            72 250,20      55 954 915,19             1 250,20         55 883 915,19
      6112                     0,00                  0,00                 0,00       1 467 560,88                 0,00          1 467 560,88
      6113                     0,00                  0,00                 0,00         295 323,10                 0,00            295 323,10
      6114                     0,00                  0,00                 0,00       3 627 865,25                 0,00          3 627 865,25
      611*                     0,00                  0,00            72 250,20      61 345 664,42             1 250,20         61 274 664,42

      612     Доходи місцевого бюджету
      6121                     0,00                  0,00               335,17      48 982 815,94                 0,00         48 982 480,77
      6122                     0,00                  0,00            16 498,75         347 856,13            15 000,00            346 357,38
      6124                     0,00                  0,00                 0,00         582 787,23                 0,00            582 787,23
      612*                     0,00                  0,00            16 833,92      49 913 459,30            15 000,00         49 911 625,38
      61**                     0,00                  0,00            89 084,12     111 259 123,72            16 250,20        111 186 289,80
      62      Доходи, які підлягають розподілу між бюджетами
      621     Доходи, які підлягають розподілу між Державним і місцевими бюджетами
      6211                     0,00                  0,00                 0,00         367 011,18                 0,00            367 011,18
      621*                     0,00                  0,00                 0,00         367 011,18                 0,00            367 011,18
      622     Доходи, які підлягають розподілу між рівнями бюджету
      6221                     0,00                  0,00            16 192,29      44 675 870,64                 0,00         44 659 678,35
      622*                     0,00                  0,00            16 192,29      44 675 870,64                 0,00         44 659 678,35
      62**                     0,00                  0,00            16 192,29      45 042 881,82                 0,00         45 026 689,53
      64      Кошти, тимчасово віднесені на доходи бюджетів
      641     Кошти, тимчасово віднесені на доходи державного бюджету
      6412                     0,00                  0,00                 0,00           3 147,60                 0,00              3 147,60
      641*                     0,00                  0,00                 0,00           3 147,60                 0,00              3 147,60
      642     Кошти, тимчасово віднесені на доходи місцевого бюджету
      6421                     0,00                  0,00            24 522,85       1 485 064,86                 0,00          1 460 542,01
      642*                     0,00                  0,00            24 522,85       1 485 064,86                 0,00          1 460 542,01
      64**                     0,00                  0,00            24 522,85       1 488 212,46                 0,00          1 463 689,61
      69      Контррахунок за операціями за доходами бюджетів
      691     Контррахунок за операціями за доходами бюджетів
      6911                     0,00        769 725 291,86       157 790 218,00         129 799,26       161 288 283,99        773 353 157,11
      691*                     0,00        769 725 291,86       157 790 218,00         129 799,26       161 288 283,99        773 353 157,11
      69**                     0,00        769 725 291,86       157 790 218,00         129 799,26       161 288 283,99        773 353 157,11
      6***                     0,00        769 725 291,86       157 920 017,26     157 920 017,26       161 304 534,19        931 029 826,05

      ---------------------------------------------------------------------------------------------------------------------------------------
      БАЛАНС                   0,00        769 725 291,86       157 920 017,26     157 920 017,26       161 304 534,19        931 029 826,05
      =======================================================================================================================================

              Видатки бюджету

      7       Видатки бюджету
      71      Видатки державного бюджету
      713     Кредитування державного бюджету за вирахуванням погашення
      7132                     0,00                  0,00                 0,00          27 674,04                 0,00             27 674,04
      713*                     0,00                  0,00                 0,00          27 674,04                 0,00             27 674,04
      71**                     0,00                  0,00                 0,00          27 674,04                 0,00             27 674,04
      72      Видатки місцевого бюджету
      721     Видатки загального фонду місцевого бюджету
      7211                     0,00                  0,00           464 376,52               0,00           464 376,52                  0,00
      721*                     0,00                  0,00           464 376,52               0,00           464 376,52                  0,00
      723     Кредитування місцевого бюджету за вирахуванням погашення
      7232                     0,00                  0,00                 0,00          36 266,61                 0,00             36 266,61
      723*                     0,00                  0,00                 0,00          36 266,61                 0,00             36 266,61
      72**                     0,00                  0,00           464 376,52          36 266,61           464 376,52             36 266,61
      79      Контррахунок за операціями за видатками бюджету
      791     Контррахунок за видатковими операціями
      7911                     0,00                  0,00                 0,00         464 376,52                 0,00            464 376,52
      791*                     0,00                  0,00                 0,00         464 376,52                 0,00            464 376,52
      792     Контррахунок за операціями з кредитуванням за вирахуванням погашення
      7921                     0,00                  0,00            63 940,65               0,00            63 940,65                  0,00
      792*                     0,00                  0,00            63 940,65               0,00            63 940,65                  0,00
      79**                     0,00                  0,00            63 940,65         464 376,52            63 940,65            464 376,52
      7***                     0,00                  0,00           528 317,17         528 317,17           528 317,17            528 317,17

      ---------------------------------------------------------------------------------------------------------------------------------------
      БАЛАНС                   0,00                  0,00           528 317,17         528 317,17           528 317,17            528 317,17
      =======================================================================================================================================

              Управлінський облiк

      8       Управлінський облік
      82      Асигнування та кошти, передані

      821     Кошти державного бюджету, передані
      8211                     0,00                  0,00         3 396 105,11               0,00         3 396 105,11                  0,00
      8212                     0,00                  0,00           414 283,12               0,00           414 283,12                  0,00
      821*                     0,00                  0,00         3 810 388,23               0,00         3 810 388,23                  0,00
      82**                     0,00                  0,00         3 810 388,23               0,00         3 810 388,23                  0,00
      83      Кошти, передані іншим бюджетам
      831     Кошти, передані органами Державного казначейства місцевим бюджетам
      8311                     0,00                  0,00         3 502 294,34               0,00         3 502 294,34                  0,00
      831*                     0,00                  0,00         3 502 294,34               0,00         3 502 294,34                  0,00
      83**                     0,00                  0,00         3 502 294,34               0,00         3 502 294,34                  0,00
      85      Розрахунки, передані
      851     Розрахунки, передані
      8511                     0,00                  0,00         3 502 294,34               0,00         3 502 294,34                  0,00
      851*                     0,00                  0,00         3 502 294,34               0,00         3 502 294,34                  0,00
      85**                     0,00                  0,00         3 502 294,34               0,00         3 502 294,34                  0,00
      86      Кошти державних цільових (позабюджетних) фондів, які обслуговуються  органами Державного казначейства
      861     Кошти, отримані державними цільовими (позабюджетними) фондами
      8611                     0,00                  0,00                 0,00      10 198 729,80                 0,00         10 198 729,80
      861*                     0,00                  0,00                 0,00      10 198 729,80                 0,00         10 198 729,80
      862     Кошти, направлені на здійснення видатків державними цільовими (позабюджетними) фондами
      8621                     0,00                  0,00         2 492 390,00             239,11         2 492 322,61                171,72
      862*                     0,00                  0,00         2 492 390,00             239,11         2 492 322,61                171,72
      863     Кошти державних цільових (позабюджетних) фондів, отримані від вищестоящих органів Державного казначейства
      8631                     0,00                  0,00             7 380,03               0,00             7 380,03                  0,00
      863*                     0,00                  0,00             7 380,03               0,00             7 380,03                  0,00
      865     Кошти державних цільових (позабюджетних) фондів, передані вищестоящим органам Державного казначейства
      8651                     0,00                  0,00        10 198 729,80               0,00        10 198 729,80                  0,00
      865*                     0,00                  0,00        10 198 729,80               0,00        10 198 729,80                  0,00
      867     Кошти, які підлягають розподілу за видами загальнообов'язкового державного соціального страхування, отримані
      8671                     0,00                  0,00                 0,00       6 914 094,60                 0,00          6 914 094,60
      867*                     0,00                  0,00                 0,00       6 914 094,60                 0,00          6 914 094,60
      868     Кошти, які підлягають розподілу за видами загальнообов'язкового державного соціального страхування, передані
      8681                     0,00                  0,00         6 914 094,60               0,00         6 914 094,60                  0,00
      868*                     0,00                  0,00         6 914 094,60               0,00         6 914 094,60                  0,00
      86**                     0,00                  0,00        19 612 594,43      17 113 063,51        19 612 527,04         17 112 996,12
      89      Контррахунок за операціями управлінського обліку
      891     Контррахунок за операціями управлінського обліку за переданими коштами
      8911                     0,00                  0,00               239,11      30 420 191,31                 0,00         30 419 952,20
      891*                     0,00                  0,00               239,11      30 420 191,31                 0,00         30 419 952,20
      892     Контррахунок за операціями управлінського обліку за отриманими коштами
      8921                     0,00                  0,00        17 112 824,40           7 380,03        17 105 444,37                  0,00
      892*                     0,00                  0,00        17 112 824,40           7 380,03        17 105 444,37                  0,00
      89**                     0,00                  0,00        17 113 063,51      30 427 571,34        17 105 444,37         30 419 952,20
      8***                     0,00                  0,00        47 540 634,85      47 540 634,85        47 532 948,32         47 532 948,32

      ---------------------------------------------------------------------------------------------------------------------------------------
      БАЛАНС                   0,00                  0,00        47 540 634,85      47 540 634,85        47 532 948,32         47 532 948,32
      =======================================================================================================================================

              Позабалансовий облiк

      9       Позабалансовий облік
      91      Кошторисні призначення
      912     Кошторисні призначення з місцевих  бюджетів
      9121                     0,00                  0,00           119 650,00      75 475 780,00                 0,00         75 356 130,00
      9122                     0,00                  0,00                 0,00       1 681 849,00                 0,00          1 681 849,00
      9125                     0,00                  0,00           119 650,00      75 475 780,00                 0,00         75 356 130,00
      9126                     0,00                  0,00                 0,00       1 681 849,00                 0,00          1 681 849,00
      912*                     0,00                  0,00           239 300,00     154 315 258,00                 0,00        154 075 958,00
      914     Призначення з місцевого бюджету за планом асигнувань
      9141                     0,00                  0,00                 0,00      66 982 019,00                 0,00         66 982 019,00
      9143                     0,00                  0,00                 0,00      66 982 019,00                 0,00         66 982 019,00
      914*                     0,00                  0,00                 0,00     133 964 038,00                 0,00        133 964 038,00
      91**                     0,00                  0,00           239 300,00     288 279 296,00                 0,00        288 039 996,00
      92      Асигнування
      921     Бюджетні призначення  з державного бюджету
      9211                     0,00                  0,00         3 502 294,34     117 791 000,00                 0,00        114 288 705,66

      9213                     0,00                  0,00                 0,00      21 865 900,00                 0,00         21 865 900,00
      9217                     0,00                  0,00                 0,00      21 865 900,00                 0,00         21 865 900,00
      921*                     0,00                  0,00         3 502 294,34     161 522 800,00                 0,00        158 020 505,66
      922     Бюджетні призначення   з місцевих  бюджетів
      9221                     0,00                  0,00         2 317 083,20      87 846 130,00                 0,00         85 529 046,80
      9222                     0,00                  0,00                 0,00       1 681 849,00                 0,00          1 681 849,00
      9223                     0,00                  0,00           335 156,91     106 517 169,00                 0,00        106 182 012,09
      9224                     0,00                  0,00                 0,00         186 920,00                 0,00            186 920,00
      9225                     0,00                  0,00                 0,00      75 356 130,00                 0,00         75 356 130,00
      9226                     0,00                  0,00                 0,00       1 681 849,00                 0,00          1 681 849,00
      9227                     0,00                  0,00                 0,00     106 517 169,00                 0,00        106 517 169,00
      9228                     0,00                  0,00                 0,00         186 920,00                 0,00            186 920,00
      922*                     0,00                  0,00         2 652 240,11     379 974 136,00                 0,00        377 321 895,89
      923     Асигнування на взяття зобов’язань з державного бюджету
      9231                     0,00                  0,00               324,24               0,00               324,24                  0,00
      9232                     0,00                  0,00               173,49             173,49                 0,00                  0,00
      923*                     0,00                  0,00               497,73             173,49               324,24                  0,00
      924     Асигнування на взяття зобов’язань з місцевих бюджетів
      9241                     0,00                  0,00         3 250 223,37      75 475 780,00         3 130 573,37         75 356 130,00
      9242                     0,00                  0,00                 0,00       1 681 849,00                 0,00          1 681 849,00
      924*                     0,00                  0,00         3 250 223,37      77 157 629,00         3 130 573,37         77 037 979,00
      926     Бюджетні призначення з державного бюджету за помісячним розписом асигнувань
      9261                     0,00                  0,00         3 502 294,34     117 791 000,00                 0,00        114 288 705,66
      9263                     0,00                  0,00                 0,00      21 865 900,00                 0,00         21 865 900,00
      9264                     0,00                  0,00                 0,00      21 865 900,00                 0,00         21 865 900,00
      926*                     0,00                  0,00         3 502 294,34     161 522 800,00                 0,00        158 020 505,66
      927     Бюджетні призначення з загального фонду місцевого бюджету за помісячним розписом асигнувань
      9271                     0,00                  0,00         2 317 083,20      79 472 019,00                 0,00         77 154 935,80
      9272                     0,00                  0,00                 0,00      66 982 019,00                 0,00         66 982 019,00
      9273                     0,00                  0,00           335 156,91     106 517 169,00                 0,00        106 182 012,09
      9274                     0,00                  0,00                 0,00     106 517 169,00                 0,00        106 517 169,00
      927*                     0,00                  0,00         2 652 240,11     359 488 376,00                 0,00        356 836 135,89
      92**                     0,00                  0,00        15 559 790,00   1 139 665 914,49         3 130 897,61      1 127 237 022,10
      95      Розрахункові документи, не оплачені в строк
      951     Розрахункові документи за коштами державного бюджету, не оплачені в строк
      9511                40 250,20                  0,00            32 000,00          72 250,20                 0,00                  0,00
      9513                   667,13                  0,00                 0,00               0,00               667,13                  0,00
      951*                40 917,33                  0,00            32 000,00          72 250,20               667,13                  0,00
      952     Розрахункові документи за коштами місцевих бюджетів, не оплачені в строк
      9521                   738,85                  0,00               281,32             335,17               685,00                  0,00
      9523                     0,00                  0,00            15 000,00          15 000,00                 0,00                  0,00
      9525               183 950,97                  0,00               726,00          16 192,29           168 484,68                  0,00
      952*               184 689,82                  0,00            16 007,32          31 527,46           169 169,68                  0,00
      953     Розрахункові документи за коштами, що підлягають розподілу між державним та місцевими бюджетами, які підлягають оплаті
      9531               116 853,95                  0,00                 0,00               0,00           116 853,95                  0,00
      953*               116 853,95                  0,00                 0,00               0,00           116 853,95                  0,00
      954     Розрахункові документи за коштами, тимчасово віднесеними на доходи бюджету, які підлягають оплаті
      9543                43 995,77                  0,00                 0,00          24 522,85            19 472,92                  0,00
      954*                43 995,77                  0,00                 0,00          24 522,85            19 472,92                  0,00
      95**               386 456,87                  0,00            48 007,32         128 300,51           306 163,68                  0,00
      96      Нарахован_ доходи, резерви _ витрати
      962     Нараховані відсотки та плата за надання гарантій
      9621                     0,00            441 239,11                 0,00               0,00                 0,00            441 239,11
      962*                     0,00            441 239,11                 0,00               0,00                 0,00            441 239,11
      963     Нараховані штрафні санкції
      9631                     0,00         28 185 399,31                 0,00               0,00                 0,00         28 185 399,31
      9632                     0,00         56 349 500,56                 0,00               0,00                 0,00         56 349 500,56
      963*                     0,00         84 534 899,87                 0,00               0,00                 0,00         84 534 899,87
      96**                     0,00         84 976 138,98                 0,00               0,00                 0,00         84 976 138,98
      99      Контррахунки до рахунків 90-98 розділів
      991     Контррахунки для активних рахунків позабалансового обліку
      9911                     0,00            386 456,87           128 300,51          48 007,32                 0,00            306 163,68
      991*                     0,00            386 456,87           128 300,51          48 007,32                 0,00            306 163,68
      992     Контррахунки для пасивних рахунків позабалансового обліку
      9921            84 976 138,98                  0,00     1 357 050 070,67      15 679 960,47     1 426 346 249,18                  0,00
      992*            84 976 138,98                  0,00     1 357 050 070,67      15 679 960,47     1 426 346 249,18                  0,00
      993     Контррахунки для активно-пасивних рахунків позабалансового обліку

      9931                     0,00                  0,00        77 157 802,49       3 250 721,10        73 907 081,39                  0,00
      993*                     0,00                  0,00        77 157 802,49       3 250 721,10        73 907 081,39                  0,00
      99**            84 976 138,98            386 456,87     1 434 336 173,67      18 978 688,89     1 500 253 330,57            306 163,68
      9***            85 362 595,85         85 362 595,85     1 450 183 270,99   1 447 052 199,89     1 503 690 391,86      1 500 559 320,76

      ---------------------------------------------------------------------------------------------------------------------------------------
      БАЛАНС          85 362 595,85         85 362 595,85     1 450 183 270,99   1 447 052 199,89     1 503 690 391,86      1 500 559 320,76
      =======================================================================================================================================


       Начальник Головного управління                           Галущинський В.С.


       Заступник начальника - Головний бухгалтер                Резніченко Т.М.

